hour;nodeID;base_demand;demand_value;head_value;pressure_value;x_pos;y_pos;node_type;has_leak;leak_area_value;leak_discharge_value;leak_demand_value
0:00:00;8614;0.00283151;0.00283151;54.32535470;35.88800270;494314.79000000;1377486.46000000;Junction;False;0.00000000;0.00000000;0.00000000
0:00:00;8600;0.00155865;0.00155865;53.88870671;34.83870671;494495.39000000;1379463.39000000;Junction;False;0.00000000;0.00000000;0.00000000
0:00:00;8610;0.00067803;0.00067803;54.34243819;36.23427019;494316.89000000;1378215.82000000;Junction;False;0.00000000;0.00000000;0.00000000
0:00:00;9402;0.00219599;0.00219599;55.93750368;39.17350368;494025.60000000;1376678.69000000;Junction;False;0.00000000;0.00000000;0.00000000
0:00:00;8598;0.00143968;0.00143968;54.84359364;35.64728964;494320.25000000;1379386.96000000;Junction;False;0.00000000;0.00000000;0.00000000
0:00:00;8608;0.00803706;0.00803706;54.35923178;36.07123178;494318.10000000;1378637.64000000;Junction;False;0.00000000;0.00000000;0.00000000
0:00:00;8620;0.00193198;0.00193198;42.34325489;24.05525489;495994.58000000;1379694.19000000;Junction;False;0.00000000;0.00000000;0.00000000
0:00:00;8616;0.00989330;0.00989330;50.50049001;32.21249001;495026.41000000;1379530.00000000;Junction;False;0.00000000;0.00000000;0.00000000
0:00:00;4922;0.00229014;0.00229014;55.93629776;39.17229776;494117.01000000;1376679.17000000;Junction;False;0.00000000;0.00000000;0.00000000
0:00:00;J106;0.00051259;0.00051259;55.93784226;39.38720226;494000.44000000;1376678.87000000;Junction;False;0.00000000;0.00000000;0.00000000
0:00:00;8618;0.00081080;0.00081080;46.38875488;28.10075488;495514.49000000;1379654.16000000;Junction;False;0.00000000;0.00000000;0.00000000
0:00:00;8604;0.00655399;0.00655399;54.50205376;35.36366176;494319.25000000;1379038.73000000;Junction;False;0.00000000;0.00000000;0.00000000
0:00:00;8596;0.00407027;0.00407027;55.72690299;37.48157499;494155.35000000;1379384.78000000;Junction;False;0.00000000;0.00000000;0.00000000
0:00:00;9410;0.00055920;0.00055920;55.88820907;39.12420907;494118.61000000;1376930.61000000;Junction;False;0.00000000;0.00000000;0.00000000
0:00:00;8612;0.00120647;0.00120647;54.33040982;36.04240982;494315.73000000;1377813.07000000;Junction;False;0.00000000;0.00000000;0.00000000
0:00:00;8602;0.00354767;0.00354767;52.63524569;34.34724569;494813.77000000;1379459.41000000;Junction;False;0.00000000;0.00000000;0.00000000
0:00:00;8606;0.00729864;0.00729864;54.42796942;36.13996942;494318.89000000;1378911.21000000;Junction;False;0.00000000;0.00000000;0.00000000
0:00:00;5656;0.00331526;0.00331526;55.93628526;39.17228526;494110.13000000;1376302.88000000;Junction;False;0.00000000;0.00000000;0.00000000
0:00:00;8622;0.00601059;0.00583011;38.34506911;20.05706911;496432.84000000;1379467.71000000;Junction;False;0.00000000;0.00000000;0.00000000
0:00:00;8624;0.00237736;0.00200619;34.32376181;16.03576181;496981.99000000;1379462.84000000;Junction;False;0.00000000;0.00000000;0.00000000
0:00:00;8626;0.00205927;0.00161589;32.62925545;14.34125545;497219.59000000;1379460.72000000;Junction;False;0.00000000;0.00000000;0.00000000
0:00:00;8628;0.00007135;0.00005299;31.50090566;13.21290566;497381.24000000;1379459.29000000;Junction;False;0.00000000;0.00000000;0.00000000
0:00:00;8630;0.00526124;0.00349113;29.54504876;11.25704876;498045.84000000;1379433.27000000;Junction;False;0.00000000;0.00000000;0.00000000
0:00:00;8644;0.00893381;0.00554715;28.58212023;10.29412023;497221.32000000;1378651.32000000;Junction;False;0.00000000;0.00000000;0.00000000
0:00:00;8634;0.00978485;0.00566751;27.70220484;9.41420484;498753.18000000;1379427.18000000;Junction;False;0.00000000;0.00000000;0.00000000
0:00:00;8632;0.00787572;0.00475064;28.20087374;9.91287374;498546.05000000;1379428.96000000;Junction;False;0.00000000;0.00000000;0.00000000
0:00:00;8636;0.00643344;0.00355899;27.18434762;8.89634762;498671.98000000;1379203.58000000;Junction;False;0.00000000;0.00000000;0.00000000
0:00:00;8646;0.00701811;0.00406633;27.70613514;9.41813514;497310.72000000;1378346.70000000;Junction;False;0.00000000;0.00000000;0.00000000
0:00:00;8688;0.00332929;0.00176726;26.75778953;8.46978953;498263.57000000;1378944.38000000;Junction;False;0.00000000;0.00000000;0.00000000
0:00:00;8640;0.00434284;0.00231493;26.79943544;8.51143544;498603.50000000;1379028.75000000;Junction;False;0.00000000;0.00000000;0.00000000
0:00:00;8642;0.00607611;0.00323174;26.77751903;8.48951903;498521.20000000;1378983.40000000;Junction;False;0.00000000;0.00000000;0.00000000
0:00:00;8638;0.00347741;0.00186649;26.86902344;8.58102344;498638.22000000;1379045.28000000;Junction;False;0.00000000;0.00000000;0.00000000
0:00:00;8698;0.00209860;0.00110679;26.69406774;8.40606774;498032.98000000;1378149.01000000;Junction;False;0.00000000;0.00000000;0.00000000
0:00:00;8692;0.00451752;0.00238787;26.71606999;8.42806999;498491.82000000;1378666.13000000;Junction;False;0.00000000;0.00000000;0.00000000
0:00:00;8648;0.00333039;0.00177498;26.79789245;8.50989245;497424.75000000;1377973.78000000;Junction;False;0.00000000;0.00000000;0.00000000
0:00:00;8690;0.00358458;0.00190230;26.75537154;8.46737154;498560.18000000;1378898.95000000;Junction;False;0.00000000;0.00000000;0.00000000
0:00:00;8718;0.00325160;0.00164274;24.00531463;8.00331463;500587.57000000;1378761.17000000;Junction;False;0.00000000;0.00000000;0.00000000
0:00:00;8702;0.00073826;0.00038631;26.61794065;8.32994065;498098.27000000;1377907.62000000;Junction;False;0.00000000;0.00000000;0.00000000
0:00:00;8700;0.00248194;0.00131554;26.74334710;8.45534710;497733.90000000;1378073.14000000;Junction;False;0.00000000;0.00000000;0.00000000
0:00:00;8694;0.00838200;0.00441095;26.67270462;8.38470462;498263.18000000;1378259.82000000;Junction;False;0.00000000;0.00000000;0.00000000
0:00:00;8738;0.00969731;0.00487132;26.24042659;7.95242659;498017.86000000;1378668.20000000;Junction;False;0.00000000;0.00000000;0.00000000
0:00:00;8696;0.00017765;0.00009347;26.67094682;8.38294682;498259.62000000;1378150.32000000;Junction;False;0.00000000;0.00000000;0.00000000
0:00:00;8740;0.00758166;0.00381361;26.25224026;7.96424026;498610.53000000;1377395.64000000;Junction;False;0.00000000;0.00000000;0.00000000
0:00:00;8720;0.00817277;0.00412800;24.00321774;8.00121774;500587.57000000;1378790.19000000;Junction;False;0.00000000;0.00000000;0.00000000
0:00:00;8706;0.00330512;0.00170801;26.49915684;8.21115684;498396.54000000;1377374.95000000;Junction;False;0.00000000;0.00000000;0.00000000
0:00:00;8704;0.00322231;0.00167370;26.54710398;8.25910398;498107.54000000;1377499.22000000;Junction;False;0.00000000;0.00000000;0.00000000
0:00:00;8686;0.00306713;0.00151557;26.09671537;7.80871537;498830.20000000;1378880.38000000;Junction;False;0.00000000;0.00000000;0.00000000
0:00:00;8708;0.00590039;0.00304764;26.49439314;8.20639314;498453.27000000;1377393.61000000;Junction;False;0.00000000;0.00000000;0.00000000
0:00:00;8660;0.00285499;0.00135898;24.26344830;7.49944830;499577.15000000;1376601.88000000;Junction;False;0.00000000;0.00000000;0.00000000
0:00:00;8656;0.00081607;0.00040367;24.92011068;7.81778268;498681.70000000;1376795.70000000;Junction;False;0.00000000;0.00000000;0.00000000
0:00:00;8664;0.00817857;0.00389172;24.26081839;7.49681839;499629.03000000;1376590.44000000;Junction;False;0.00000000;0.00000000;0.00000000
0:00:00;8662;0.00667726;0.00317770;24.26173213;7.49773213;499597.04000000;1376597.50000000;Junction;False;0.00000000;0.00000000;0.00000000
0:00:00;8654;0.00396864;0.00184022;25.58406913;7.29606913;497863.18000000;1376980.01000000;Junction;False;0.00000000;0.00000000;0.00000000
0:00:00;8716;0.00266083;0.00117187;24.06198328;6.92612728;500206.42000000;1378448.16000000;Junction;False;0.00000000;0.00000000;0.00000000
0:00:00;8650;0.00379919;0.00180164;26.51966874;7.46966874;497489.76000000;1377761.98000000;Junction;False;0.00000000;0.00000000;0.00000000
0:00:00;8746;0.00945944;0.00392609;23.32681900;6.54453100;500947.50000000;1378286.76000000;Junction;False;0.00000000;0.00000000;0.00000000
0:00:00;8732;0.00370502;0.00158847;23.70671157;6.74763957;500907.83000000;1378242.54000000;Junction;False;0.00000000;0.00000000;0.00000000
0:00:00;8684;0.00646392;0.00283556;25.18722365;6.89922365;499219.59000000;1378806.30000000;Junction;False;0.00000000;0.00000000;0.00000000
0:00:00;8668;0.00423076;0.00183510;24.03270365;6.82369565;499793.78000000;1377304.14000000;Junction;False;0.00000000;0.00000000;0.00000000
0:00:00;8730;0.00211579;0.00089660;23.70842020;6.67314820;500907.71000000;1378210.42000000;Junction;False;0.00000000;0.00000000;0.00000000
0:00:00;8658;0.00402606;0.00171321;24.56384503;6.69951703;499136.15000000;1376698.38000000;Junction;False;0.00000000;0.00000000;0.00000000
0:00:00;8678;0.00839807;0.00344799;24.14273975;6.47957975;499695.44000000;1378245.57000000;Junction;False;0.00000000;0.00000000;0.00000000
0:00:00;8652;0.00694929;0.00306826;25.99324989;6.94324989;497631.16000000;1377314.40000000;Junction;False;0.00000000;0.00000000;0.00000000
0:00:00;8676;0.00745001;0.00300222;24.08603914;6.37106314;499795.43000000;1378126.95000000;Junction;False;0.00000000;0.00000000;0.00000000
0:00:00;8714;0.00518550;0.00207684;24.62411812;6.33611812;499855.18000000;1379125.15000000;Junction;False;0.00000000;0.00000000;0.00000000
0:00:00;8710;0.00444374;0.00179435;24.67056670;6.38256670;499568.18000000;1378750.74000000;Junction;False;0.00000000;0.00000000;0.00000000
0:00:00;8712;0.00907598;0.00363562;24.62507233;6.33707233;499827.86000000;1379108.55000000;Junction;False;0.00000000;0.00000000;0.00000000
0:00:00;8682;0.00034787;0.00014128;24.70394300;6.41594300;499380.43000000;1378616.61000000;Junction;False;0.00000000;0.00000000;0.00000000
0:00:00;8666;0.00204153;0.00082322;24.11401894;6.37465894;499881.91000000;1376997.72000000;Junction;False;0.00000000;0.00000000;0.00000000
0:00:00;8674;0.00414579;0.00162014;23.97381868;6.20093068;500076.53000000;1377770.29000000;Junction;False;0.00000000;0.00000000;0.00000000
0:00:00;8742;0.00499615;0.00195817;24.50467279;6.21667279;500278.43000000;1379108.07000000;Junction;False;0.00000000;0.00000000;0.00000000
0:00:00;8680;0.00128132;0.00050006;24.48178925;6.19378925;499467.73000000;1378444.34000000;Junction;False;0.00000000;0.00000000;0.00000000
0:00:00;8672;0.00172038;0.00064092;23.95450846;5.95606846;500085.31000000;1377670.00000000;Junction;False;0.00000000;0.00000000;0.00000000
0:00:00;8792;0.00777243;0.00293427;23.77325506;6.02170306;500703.60000000;1377013.26000000;Junction;False;0.00000000;0.00000000;0.00000000
0:00:00;8722;0.00382788;0.00137232;23.82285184;5.77564384;500350.23000000;1377670.74000000;Junction;False;0.00000000;0.00000000;0.00000000
0:00:00;8726;0.00625535;0.00222488;23.76596092;5.74008892;500685.60000000;1377672.13000000;Junction;False;0.00000000;0.00000000;0.00000000
0:00:00;8724;0.00225509;0.00078169;23.80063249;5.62845649;500470.30000000;1377671.24000000;Junction;False;0.00000000;0.00000000;0.00000000
0:00:00;8744;0.00697748;0.00237723;23.84473824;5.55673824;500550.37000000;1379053.32000000;Junction;False;0.00000000;0.00000000;0.00000000
0:00:00;8736;0.00913580;0.00317045;23.76589434;5.63334234;500687.32000000;1377439.64000000;Junction;False;0.00000000;0.00000000;0.00000000
0:00:00;8728;0.00315690;0.00106530;23.74199901;5.51800701;500905.59000000;1377732.81000000;Junction;False;0.00000000;0.00000000;0.00000000
0:00:00;8670;0.00735087;0.00240955;23.97953096;5.40501896;500043.99000000;1377451.52000000;Junction;False;0.00000000;0.00000000;0.00000000
0:00:00;8734;0.00183213;0.00047102;23.80724224;4.67799424;500471.86000000;1377480.59000000;Junction;False;0.00000000;0.00000000;0.00000000
0:00:00;7384;0.00000000;0.20623398;55.94785661;0.00000000;493747.16000000;1377175.41000000;Reservoir;False;0.00000000;0.00000000;0.00000000